1800.00 5.404611357059029e-01
1810.00 5.361051640499692e-01
1820.00 5.316922840311818e-01
1830.00 5.272254321057822e-01
1840.00 5.227075210732601e-01
1850.00 5.181414378399257e-01
1860.00 5.135300412778406e-01
1870.00 5.088761601794103e-01
1880.00 5.041825913077270e-01
1890.00 4.994520975425948e-01
1900.00 4.946874061219786e-01
1910.00 4.898912069784643e-01
1920.00 4.850661511701573e-01
1930.00 4.802148494052874e-01
1940.00 4.753398706596615e-01
1950.00 4.704437408859471e-01
1960.00 4.655289418136707e-01
1970.00 4.605979098386553e-01
1980.00 4.556530350005569e-01
1990.00 4.506966600469968e-01
2000.00 4.457310795827498e-01
2010.00 4.407585393022959e-01
2020.00 4.357812353040096e-01
2030.00 4.308013134841498e-01
2040.00 4.258208690087637e-01
2050.00 4.208419458615387e-01
2060.00 4.158665364655917e-01
2070.00 4.108965813771316e-01
2080.00 4.059339690488791e-01
2090.00 4.009805356611016e-01
2100.00 3.960380650180813e-01
2110.00 3.911082885078097e-01
2120.00 3.861928851226814e-01
2130.00 3.812934815389454e-01
2140.00 3.764116522526602e-01
2150.00 3.715489197698955e-01
2160.00 3.667067548489175e-01
2170.00 3.618865767921071e-01
2180.00 3.570897537853615e-01
2190.00 3.523176032827399e-01
2200.00 3.475713924341423e-01
2210.00 3.428523385538083e-01
2220.00 3.381616096274736e-01
2230.00 3.335003248560198e-01
2240.00 3.288695552335005e-01
2250.00 3.242703241574552e-01
2260.00 3.197036080694516e-01
2270.00 3.151703371238351e-01
2280.00 3.106713958827125e-01
2290.00 3.062076240352196e-01
2300.00 3.017798171391864e-01
2310.00 2.973887273833381e-01
2320.00 2.930350643682332e-01
2330.00 2.887194959041720e-01
2340.00 2.844426488243700e-01
2350.00 2.802051098117274e-01
2360.00 2.760074262375889e-01
2370.00 2.718501070109290e-01
2380.00 2.677336234364484e-01
2390.00 2.636584100801299e-01
2400.00 2.596248656408404e-01
2410.00 2.556333538266260e-01
2420.00 2.516842042343975e-01
2430.00 2.477777132317494e-01
2440.00 2.439141448397212e-01
2450.00 2.400937316153443e-01
2460.00 2.363166755328805e-01
2470.00 2.325831488627053e-01
2480.00 2.288932950468362e-01
2490.00 2.252472295701612e-01
2500.00 2.216450408264663e-01
2510.00 2.180867909784120e-01
2520.00 2.145725168106516e-01
2530.00 2.111022305753406e-01
2540.00 2.076759208293134e-01
2550.00 2.042935532622719e-01
2560.00 2.009550715153482e-01
2570.00 1.976603979894711e-01
2580.00 1.944094346429847e-01
2590.00 1.912020637780257e-01
2600.00 1.880381488151912e-01
2610.00 1.849175350560791e-01
2620.00 1.818400504333078e-01
2630.00 1.788055062476688e-01
2640.00 1.758136978920892e-01
2650.00 1.728644055621279e-01
2660.00 1.699573949527451e-01
2670.00 1.670924179411315e-01
2680.00 1.642692132554017e-01
2690.00 1.614875071289915e-01
2700.00 1.587470139406229e-01
2710.00 1.560474368397297e-01
2720.00 1.533884683572581e-01
2730.00 1.507697910017843e-01
2740.00 1.481910778409133e-01
2750.00 1.456519930679411e-01
2760.00 1.431521925537903e-01
2770.00 1.406913243842411e-01
2780.00 1.382690293825065e-01
2790.00 1.358849416172077e-01
2800.00 1.335386888958361e-01
2810.00 1.312298932437876e-01
2820.00 1.289581713690880e-01
2830.00 1.267231351129225e-01
2840.00 1.245243918861141e-01
2850.00 1.223615450916917e-01
2860.00 1.202341945337129e-01
2870.00 1.181419368125061e-01
2880.00 1.160843657065151e-01
2890.00 1.140610725409301e-01
2900.00 1.120716465433060e-01
2910.00 1.101156751863655e-01
2920.00 1.081927445182031e-01
2930.00 1.063024394801008e-01
2940.00 1.044443442121812e-01
2950.00 1.026180423471198e-01
2960.00 1.008231172921517e-01
2970.00 9.905915249960247e-02
2980.00 9.732573172618307e-02
2990.00 9.562243928128622e-02
3000.00 9.394886026452784e-02
3010.00 9.230458079277531e-02
3020.00 9.068918821690826e-02
3030.00 8.910227132855612e-02
3040.00 8.754342055705788e-02
3050.00 8.601222815689108e-02
3060.00 8.450828838581301e-02
3070.00 8.303119767396044e-02
3080.00 8.158055478415005e-02
3090.00 8.015596096362233e-02
3100.00 7.875702008746878e-02
3110.00 7.738333879398201e-02
3120.00 7.603452661216435e-02
3130.00 7.471019608162927e-02
3140.00 7.340996286512787e-02
3150.00 7.213344585392906e-02
3160.00 7.088026726627893e-02
3170.00 6.965005273916360e-02
3180.00 6.844243141359352e-02
3190.00 6.725703601362783e-02
3200.00 6.609350291934954e-02
3210.00 6.495147223400281e-02
3220.00 6.383058784549657e-02
3230.00 6.273049748247775e-02
3240.00 6.165085276517113e-02
3250.00 6.059130925118104e-02
3260.00 5.955152647644425e-02
3270.00 5.853116799152124e-02
3280.00 5.752990139340770e-02
3290.00 5.654739835304433e-02
3300.00 5.558333463869944e-02
3310.00 5.463739013539398e-02
3320.00 5.370924886053556e-02
3330.00 5.279859897592236e-02
3340.00 5.190513279627583e-02
3350.00 5.102854679445451e-02
3360.00 5.016854160350025e-02
3370.00 4.932482201566039e-02
3380.00 4.849709697852939e-02
3390.00 4.768507958844611e-02
3400.00 4.688848708128114e-02
3410.00 4.610704082074354e-02
3420.00 4.534046628433314e-02
3430.00 4.458849304706010e-02
3440.00 4.385085476305074e-02
3450.00 4.312728914515325e-02
3460.00 4.241753794265538e-02
3470.00 4.172134691722028e-02
3480.00 4.103846581714560e-02
3490.00 4.036864835004501e-02
3500.00 3.971165215405002e-02
3510.00 3.906723876762499e-02
3520.00 3.843517359808644e-02
3530.00 3.781522588891292e-02
3540.00 3.720716868592998e-02
3550.00 3.661077880245103e-02
3560.00 3.602583678345170e-02
3570.00 3.545212686885313e-02
3580.00 3.488943695598547e-02
3590.00 3.433755856130185e-02
3600.00 3.379628678140829e-02
3610.00 3.326542025347420e-02
3620.00 3.274476111508425e-02
3630.00 3.223411496359052e-02
3640.00 3.173329081502094e-02
3650.00 3.124210106259841e-02
3660.00 3.076036143492129e-02
3670.00 3.028789095385526e-02
3680.00 2.982451189218319e-02
3690.00 2.937004973105791e-02
3700.00 2.892433311730115e-02
3710.00 2.848719382058887e-02
3720.00 2.805846669056220e-02
3730.00 2.763798961390119e-02
3740.00 2.722560347139595e-02
3750.00 2.682115209504921e-02
3760.00 2.642448222524148e-02
3770.00 2.603544346798929e-02
3780.00 2.565388825232451e-02
3790.00 2.527967178782203e-02
3800.00 2.491265202230100e-02
3810.00 2.455268959972359e-02
3820.00 2.419964781831394e-02
3830.00 2.385339258891853e-02
3840.00 2.351379239362793e-02
3850.00 2.318071824467854e-02
3860.00 2.285404364365207e-02
3870.00 2.253364454098889e-02
3880.00 2.221939929583073e-02
3890.00 2.191118863620684e-02
3900.00 2.160889561957684e-02
3910.00 2.131240559374243e-02
3920.00 2.102160615813937e-02
3930.00 2.073638712551998e-02
3940.00 2.045664048403568e-02
3950.00 2.018226035972847e-02
3960.00 1.991314297943898e-02
3970.00 1.964918663413842e-02
3980.00 1.939029164269082e-02
3990.00 1.913636031605130e-02
4000.00 1.888729692190536e-02
4010.00 1.864300764975392e-02
4020.00 1.840340057644752e-02
4030.00 1.816838563217344e-02
4040.00 1.793787456689814e-02
4050.00 1.771178091726730e-02
4060.00 1.749001997396538e-02
4070.00 1.727250874953581e-02
4080.00 1.705916594666255e-02
4090.00 1.684991192691352e-02
4100.00 1.664466867994612e-02
4110.00 1.644335979317394e-02
4120.00 1.624591042189449e-02
4130.00 1.605224725987647e-02
4140.00 1.586229851040545e-02
4150.00 1.567599385778619e-02
4160.00 1.549326443929959e-02
4170.00 1.531404281761204e-02
4180.00 1.513826295363495e-02
4190.00 1.496586017983133e-02
4200.00 1.479677117396680e-02
4210.00 1.463093393330182e-02
4220.00 1.446828774922190e-02
4230.00 1.430877318230205e-02
4240.00 1.415233203780217e-02
4250.00 1.399890734158927e-02
4260.00 1.384844331648284e-02
4270.00 1.370088535901900e-02
4280.00 1.355618001662959e-02
4290.00 1.341427496523154e-02
4300.00 1.327511898722255e-02
4310.00 1.313866194987806e-02
4320.00 1.300485478414560e-02
4330.00 1.287364946383126e-02
4340.00 1.274499898517400e-02
4350.00 1.261885734680301e-02
4360.00 1.249517953007305e-02
4370.00 1.237392147977330e-02
4380.00 1.225504008520462e-02
4390.00 1.213849316162032e-02
4400.00 1.202423943202570e-02
4410.00 1.191223850933125e-02
4420.00 1.180245087885453e-02
4430.00 1.169483788116606e-02
4440.00 1.158936169527388e-02
4450.00 1.148598532214211e-02
4460.00 1.138467256853844e-02
4470.00 1.128538803120569e-02
4480.00 1.118809708135238e-02
4490.00 1.109276584945761e-02
4500.00 1.099936121038525e-02
4510.00 1.090785076880249e-02
4520.00 1.081820284489819e-02
4530.00 1.073038646039596e-02
4540.00 1.064437132485740e-02
4550.00 1.056012782227067e-02
4560.00 1.047762699791966e-02
4570.00 1.039684054552932e-02
4580.00 1.031774079468226e-02
4590.00 1.024030069850220e-02
4600.00 1.016449382159982e-02
4610.00 1.009029432827639e-02
4620.00 1.001767697098072e-02
4630.00 9.946617079015348e-03
4640.00 9.877090547487147e-03
4650.00 9.809073826498609e-03
4660.00 9.742543910575097e-03
4670.00 9.677478328324260e-03
4680.00 9.613855132323192e-03
4690.00 9.551652889229474e-03
4700.00 9.490850670112015e-03
4710.00 9.431428040997636e-03
4720.00 9.373365053629675e-03
4730.00 9.316642236434537e-03
4740.00 9.261240585692564e-03
4750.00 9.207141556909418e-03
4760.00 9.154327056384278e-03
4770.00 9.102779432971188e-03
4780.00 9.052481470030054e-03
4790.00 9.003416377563703e-03
4800.00 8.955567784537521e-03
4810.00 8.908919731378338e-03
4820.00 8.863456662649101e-03
4830.00 8.819163419896022e-03
4840.00 8.776025234665100e-03
4850.00 8.734027721684553e-03
4860.00 8.693156872210310e-03
4870.00 8.653399047531160e-03
4880.00 8.614740972630751e-03
4890.00 8.577169730003335e-03
4900.00 8.540672753620311e-03
4910.00 8.505237823044666e-03
4920.00 8.470853057690530e-03
4930.00 8.437506911224985e-03
4940.00 8.405188166109351e-03
4950.00 8.373885928277338e-03
4960.00 8.343589621947327e-03
4970.00 8.314288984566178e-03
4980.00 8.285974061882051e-03
4990.00 8.258635203143624e-03
5000.00 8.232263056423319e-03
5010.00 8.206848564062029e-03
5020.00 8.182382958233009e-03
5030.00 8.158857756622491e-03
5040.00 8.136264758224833e-03
5050.00 8.114596039249765e-03
5060.00 8.093843949139654e-03
5070.00 8.074001106694463e-03
5080.00 8.055060396302315e-03
5090.00 8.037014964273489e-03
5100.00 8.019858215275783e-03
5110.00 8.003583808869173e-03
5120.00 7.988185656137684e-03
5130.00 7.973657916416649e-03
5140.00 7.959994994113106e-03
5150.00 7.947191535617746e-03
5160.00 7.935242426306149e-03
5170.00 7.924142787627743e-03
5180.00 7.913887974280396e-03
5190.00 7.904473571469004e-03
5200.00 7.895895392246104e-03
5210.00 7.888149474932877e-03
5220.00 7.881232080618717e-03
5230.00 7.875139690737635e-03
5240.00 7.869869004719841e-03
5250.00 7.865416937716732e-03
5260.00 7.861780618397714e-03
5270.00 7.858957386817115e-03
5280.00 7.856944792349628e-03
5290.00 7.855740591692610e-03
5300.00 7.855342746933678e-03
5310.00 7.855749423681981e-03
5320.00 7.856958989261599e-03
5330.00 7.858970010965442e-03
5340.00 7.861781254368228e-03
5350.00 7.865391681696823e-03
5360.00 7.869800450256545e-03
5370.00 7.875006910911852e-03
5380.00 7.881010606619865e-03
5390.00 7.887811271015286e-03
5400.00 7.895408827045109e-03
5410.00 7.903803385651673e-03
5420.00 7.912995244502568e-03
5430.00 7.922984886765780e-03
5440.00 7.933772979928741e-03
5450.00 7.945360374659599e-03
5460.00 7.957748103709318e-03
5470.00 7.970937380853043e-03
5480.00 7.984929599869212e-03
5490.00 7.999726333554898e-03
5500.00 8.015329332775878e-03
5510.00 8.031740525549806e-03
5520.00 8.048962016161024e-03
5530.00 8.066996084305377e-03
5540.00 8.085845184263550e-03
5550.00 8.105511944101211e-03
5560.00 8.125999164894463e-03
5570.00 8.147309819978955e-03
5580.00 8.169447054220968e-03
5590.00 8.192414183308893e-03
5600.00 8.216214693063384e-03
5610.00 8.240852238764487e-03
5620.00 8.266330644494039e-03
5630.00 8.292653902491580e-03
5640.00 8.319826172522041e-03
5650.00 8.347851781253364e-03
5660.00 8.376735221642291e-03
5670.00 8.406481152326369e-03
5680.00 8.437094397020454e-03
5690.00 8.468579943915625e-03
5700.00 8.500942945078638e-03
5710.00 8.534188715850016e-03
5720.00 8.568322734238548e-03
5730.00 8.603350640310422e-03
5740.00 8.639278235570600e-03
5750.00 8.676111482334567e-03
5760.00 8.713856503088079e-03
5770.00 8.752519579832828e-03
5780.00 8.792107153415687e-03
5790.00 8.832625822839219e-03
5800.00 8.874082344551190e-03
5810.00 8.916483631710553e-03
5820.00 8.959836753427555e-03
5830.00 9.004148933975442e-03
5840.00 9.049427551971133e-03
5850.00 9.095680139522387e-03
5860.00 9.142914381338662e-03
5870.00 9.191138113803107e-03
5880.00 9.240359324002705e-03
5890.00 9.290586148713949e-03
5900.00 9.341826873341020e-03
5910.00 9.394089930803557e-03
5920.00 9.447383900371002e-03
5930.00 9.501717506440450e-03
5940.00 9.557099617254849e-03
5950.00 9.613539243558370e-03
5960.00 9.671045537185622e-03
5970.00 9.729627789581474e-03
5980.00 9.789295430247903e-03
5990.00 9.850058025114662e-03
6000.00 9.911925274829887e-03
6010.00 9.974907012967387e-03
6020.00 1.003901320414664e-02
6030.00 1.010425394206190e-02
6040.00 1.017063944741653e-02
6050.00 1.023818006575873e-02
6060.00 1.030688626521463e-02
6070.00 1.037676863411463e-02
6080.00 1.044783787850911e-02
6090.00 1.052010481956907e-02
6100.00 1.059358039086759e-02
6110.00 1.066827563553772e-02
6120.00 1.074420170330243e-02
6130.00 1.082136984737209e-02
6140.00 1.089979142120508e-02
6150.00 1.097947787512661e-02
6160.00 1.106044075280151e-02
6170.00 1.114269168755574e-02
6180.00 1.122624239854225e-02
6190.00 1.131110468674602e-02
6200.00 1.139729043082337e-02
6210.00 1.148481158277063e-02
6220.00 1.157368016341702e-02
6230.00 1.166390825773661e-02
6240.00 1.175550800997418e-02
6250.00 1.184849161857976e-02
6260.00 1.194287133094652e-02
6270.00 1.203865943794665e-02
6280.00 1.213586826825994e-02
6290.00 1.223451018248946e-02
6300.00 1.233459756705914e-02
6310.00 1.243614282788737e-02
6320.00 1.253915838383150e-02
6330.00 1.264365665989732e-02
6340.00 1.274965008020825e-02
6350.00 1.285715106072837e-02
6360.00 1.296617200173398e-02
6370.00 1.307672528002769e-02
6380.00 1.318882324088994e-02
6390.00 1.330247818976185e-02
6400.00 1.341770238365424e-02
6410.00 1.353450802227690e-02
6420.00 1.365290723888283e-02
6430.00 1.377291209082193e-02
6440.00 1.389453454979858e-02
6450.00 1.401778649182773e-02
6460.00 1.414267968688434e-02
6470.00 1.426922578824077e-02
6480.00 1.439743632148690e-02
6490.00 1.452732267322805e-02
6500.00 1.465889607945569e-02
6510.00 1.479216761358601e-02
6520.00 1.492714817416166e-02
6530.00 1.506384847221210e-02
6540.00 1.520227901826812e-02
6550.00 1.534245010902619e-02
6560.00 1.548437181365870e-02
6570.00 1.562805395976594e-02
6580.00 1.577350611896646e-02
6590.00 1.592073759212207e-02
6600.00 1.606975739419437e-02
6610.00 1.622057423872981e-02
6620.00 1.637319652197063e-02
6630.00 1.652763230658925e-02
6640.00 1.668388930504393e-02
6650.00 1.684197486255398e-02
6660.00 1.700189593969319e-02
6670.00 1.716365909460010e-02
6680.00 1.732727046480490e-02
6690.00 1.749273574867208e-02
6700.00 1.766006018645951e-02
6710.00 1.782924854099416e-02
6720.00 1.800030507796572e-02
6730.00 1.817323354583944e-02
6740.00 1.834803715539046e-02
6750.00 1.852471855886201e-02
6760.00 1.870327982875076e-02
6770.00 1.888372243622288e-02
6780.00 1.906604722916512e-02
6790.00 1.925025440987612e-02
6800.00 1.943634351240307e-02
6810.00 1.962431337953032e-02
6820.00 1.981416213942690e-02
6830.00 2.000588718196036e-02
6840.00 2.019948513468560e-02
6850.00 2.039495183851792e-02
6860.00 2.059228232310013e-02
6870.00 2.079147078187466e-02
6880.00 2.099251054687234e-02
6890.00 2.119539406323046e-02
6900.00 2.140011286345350e-02
6910.00 2.160665754143103e-02
6920.00 2.181501772622794e-02
6930.00 2.202518205566361e-02
6940.00 2.223713814969714e-02
6950.00 2.245087258363696e-02
6960.00 2.266637086119446e-02
6970.00 2.288361738740183e-02
6980.00 2.310259544141591e-02
6990.00 2.332328714923055e-02
7000.00 2.354567345632140e-02
7010.00 2.376973410024811e-02
7020.00 2.399544758323996e-02
7030.00 2.422279114479246e-02
7040.00 2.445174073430318e-02
7050.00 2.468227098377686e-02
7060.00 2.491435518063067e-02
7070.00 2.514796524063165e-02
7080.00 2.538307168100044e-02
7090.00 2.561964359371523e-02
7100.00 2.585764861905286e-02
7110.00 2.609705291940352e-02
7120.00 2.633782115339861e-02
7130.00 2.657991645039063e-02
7140.00 2.682330038532722e-02
7150.00 2.706793295406114e-02
7160.00 2.731377254914027e-02
7170.00 2.756077593612253e-02
7180.00 2.780889823046186e-02
7190.00 2.805809287501299e-02
7200.00 2.830831161820352e-02
7210.00 2.855950449292318e-02
7220.00 2.881161979618162e-02
7230.00 2.906460406958660e-02
7240.00 2.931840208069630e-02
7250.00 2.957295680529990e-02
7260.00 2.982820941068207e-02
7270.00 3.008409923992784e-02
7280.00 3.034056379732522e-02
7290.00 3.059753873492405e-02
7300.00 3.085495784031014e-02
7310.00 3.111275302565485e-02
7320.00 3.137085431810077e-02
7330.00 3.162918985154487e-02
7340.00 3.188768585988110e-02
7350.00 3.214626667176516e-02
7360.00 3.240485470696396e-02
7370.00 3.266337047435361e-02
7380.00 3.292173257162880e-02
7390.00 3.317985768678811e-02
7400.00 3.343766060145802e-02
7410.00 3.369505419612027e-02
7420.00 3.395194945730558e-02
7430.00 3.420825548681708e-02
7440.00 3.446387951304639e-02
7450.00 3.471872690444488e-02
7460.00 3.497270118521141e-02
7470.00 3.522570405325789e-02
7480.00 3.547763540051243e-02
7490.00 3.572839333561889e-02
7500.00 3.597787420909099e-02
7510.00 3.622597264097667e-02
7520.00 3.647258155108801e-02
7530.00 3.671759219184929e-02
7540.00 3.696089418381510e-02
7550.00 3.720237555390690e-02
7560.00 3.744192277641550e-02
7570.00 3.767942081681404e-02
7580.00 3.791475317842294e-02
7590.00 3.814780195196705e-02
7600.00 3.837844786806022e-02
7610.00 3.860657035265140e-02
7620.00 3.883204758546163e-02
7630.00 3.905475656143843e-02
7640.00 3.927457315525027e-02
7650.00 3.949137218884013e-02
7660.00 3.970502750205229e-02
7670.00 3.991541202634339e-02
7680.00 4.012239786158347e-02
7690.00 4.032585635594810e-02
7700.00 4.052565818889840e-02
7710.00 4.072167345724003e-02
7720.00 4.091377176424777e-02
7730.00 4.110182231183591e-02
7740.00 4.128569399575039e-02
7750.00 4.146525550375130e-02
7760.00 4.164037541675049e-02
7770.00 4.181092231286045e-02
7780.00 4.197676487430681e-02
7790.00 4.213777199714903e-02
7800.00 4.229381290374746e-02
7810.00 4.244475725790893e-02
7820.00 4.259047528263583e-02
7830.00 4.273083788039669e-02
7840.00 4.286571675582974e-02
7850.00 4.299498454078361e-02
7860.00 4.311851492159213e-02
7870.00 4.323618276847338e-02
7880.00 4.334786426693563e-02
7890.00 4.345343705106570e-02
7900.00 4.355278033856794e-02
7910.00 4.364577506741482e-02
7920.00 4.373230403396328e-02
7930.00 4.381225203238254e-02
7940.00 4.388550599523409e-02
7950.00 4.395195513503503e-02
7960.00 4.401149108663104e-02
7970.00 4.406400805019712e-02
7980.00 4.410940293467821e-02
7990.00 4.414757550147475e-02
8000.00 4.417842850817246e-02
8010.00 4.420186785210869e-02
8020.00 4.421780271356240e-02
8030.00 4.422614569834870e-02
8040.00 4.422681297959373e-02
8050.00 4.421972443845985e-02
8060.00 4.420480380358786e-02
8070.00 4.418197878901560e-02
8080.00 4.415118123033181e-02
8090.00 4.411234721881687e-02
8100.00 4.406541723332127e-02
8110.00 4.401033626962789e-02
8120.00 4.394705396704335e-02
8130.00 4.387552473195971e-02
8140.00 4.379570785812869e-02
8150.00 4.370756764338664e-02
8160.00 4.361107350257146e-02
8170.00 4.350620007636903e-02
8180.00 4.339292733583090e-02
8190.00 4.327124068230297e-02
8200.00 4.314113104250974e-02
8210.00 4.300259495853872e-02
8220.00 4.285563467247386e-02
8230.00 4.270025820543082e-02
8240.00 4.253647943075030e-02
8250.00 4.236431814111143e-02
8260.00 4.218380010933322e-02
8270.00 4.199495714263691e-02
8280.00 4.179782713015160e-02
8290.00 4.159245408345073e-02
8300.00 4.137888816991749e-02
8310.00 4.115718573874489e-02
8320.00 4.092740933938736e-02
8330.00 4.068962773228946e-02
8340.00 4.044391589173106e-02
8350.00 4.019035500063681e-02
8360.00 3.992903243721363e-02
8370.00 3.966004175329001e-02
8380.00 3.938348264424708e-02
8390.00 3.909946091044336e-02
8400.00 3.880808841005264e-02
8410.00 3.850948300324656e-02
8420.00 3.820376848767286e-02
8430.00 3.789107452519341e-02
8440.00 3.757153655986581e-02
8450.00 3.724529572716721e-02
8460.00 3.691249875447857e-02
8470.00 3.657329785286394e-02
8480.00 3.622785060019947e-02
8490.00 3.587631981572313e-02
8500.00 3.551887342609740e-02
8510.00 3.515568432309378e-02
8520.00 3.478693021302903e-02
8530.00 3.441279345810086e-02
8540.00 3.403346090979015e-02
8550.00 3.364912373451681e-02
8560.00 3.325997723175407e-02
8570.00 3.286622064482594e-02
8580.00 3.246805696463057e-02
8590.00 3.206569272655139e-02
8600.00 3.165933780083501e-02
8610.00 3.124920517673367e-02
8620.00 3.083551074072628e-02
8630.00 3.041847304915018e-02
8640.00 2.999831309559030e-02
8650.00 2.957525407338983e-02
8660.00 2.914952113366010e-02
8670.00 2.872134113918257e-02
8680.00 2.829094241460827e-02
8690.00 2.785855449337456e-02
8700.00 2.742440786176794e-02
8710.00 2.698873370057579e-02
8720.00 2.655176362477701e-02
8730.00 2.611372942173215e-02
8740.00 2.567486278834059e-02
8750.00 2.523539506763891e-02
8760.00 2.479555698532096e-02
8770.00 2.435557838666318e-02
8780.00 2.391568797434341e-02
8790.00 2.347611304764145e-02
8800.00 2.303707924351267e-02
8810.00 2.259881028002246e-02
8820.00 2.216152770263044e-02
8830.00 2.172545063380737e-02
8840.00 2.129079552646533e-02
8850.00 2.085777592167404e-02
8860.00 2.042660221113120e-02
8870.00 1.999748140484349e-02
8880.00 1.957061690446816e-02
8890.00 1.914620828275137e-02
8900.00 1.872445106948936e-02
8910.00 1.830553654442327e-02
8920.00 1.788965153746526e-02
8930.00 1.747697823663609e-02
8940.00 1.706769400407928e-02
8950.00 1.666197120049670e-02
8960.00 1.625997701833351e-02
8970.00 1.586187332401816e-02
8980.00 1.546781650954443e-02
8990.00 1.507795735365833e-02
9000.00 1.469244089289194e-02
9010.00 1.431140630266144e-02
9020.00 1.393498678862374e-02
9030.00 1.356330948846043e-02
9040.00 1.319649538423321e-02
9050.00 1.283465922542946e-02
9060.00 1.247790946279009e-02
9070.00 1.212634819298660e-02
9080.00 1.178007111418646e-02
9090.00 1.143916749252138e-02
9100.00 1.110372013944427e-02
9110.00 1.077380539993671e-02
9120.00 1.044949315150017e-02
9130.00 1.013084681384029e-02
9140.00 9.817923369126064e-03
9150.00 9.510773392682199e-03
9160.00 9.209441093946523e-03
9170.00 8.913964367501838e-03
9180.00 8.624374853966480e-03
9190.00 8.340698010506613e-03
9200.00 8.062953190710031e-03
9210.00 7.791153733541290e-03
9220.00 7.525307061076949e-03
9230.00 7.265414784701673e-03
9240.00 7.011472819426590e-03
9250.00 6.763471505976105e-03
9260.00 6.521395740271979e-03
9270.00 6.285225109930576e-03
9280.00 6.054934037374849e-03
9290.00 5.830491929151589e-03
9300.00 5.611863331033439e-03
9310.00 5.399008088476344e-03
9320.00 5.191881511995304e-03
9330.00 4.990434547014862e-03
9340.00 4.794613947745973e-03
9350.00 4.604362454637311e-03
9360.00 4.419618974947034e-03
9370.00 4.240318765980428e-03
9380.00 4.066393620539364e-03
9390.00 3.897772054131882e-03
9400.00 3.734379493493524e-03
9410.00 3.576138465976788e-03
9420.00 3.422968789371315e-03
9430.00 3.274787761724680e-03
9440.00 3.131510350742090e-03
9450.00 2.993049382353261e-03
9460.00 2.859315728045316e-03
9470.00 2.730218490572578e-03
9480.00 2.605665187666927e-03
9490.00 2.485561933386260e-03
9500.00 2.369813616753176e-03
9510.00 2.258324077351596e-03
9520.00 2.150996277565059e-03
9530.00 2.047732471157511e-03
9540.00 1.948434367914680e-03
9550.00 1.853003294082004e-03
9560.00 1.761340348353729e-03
9570.00 1.673346553186283e-03
9580.00 1.588923001228116e-03
9590.00 1.507970996677332e-03
9600.00 1.430392191398009e-03
9610.00 1.356088715645140e-03
9620.00 1.284963303267823e-03
9630.00 1.216919411279326e-03
9640.00 1.151861333701964e-03
9650.00 1.089694309613500e-03
9660.00 1.030324625340410e-03
9670.00 9.736597107614306e-04
9680.00 9.196082297028964e-04
9690.00 8.680801644244234e-04
9700.00 8.189868942104587e-04
9710.00 7.722412680993416e-04
9720.00 7.277576717972863e-04
9730.00 6.854520888394586e-04
9740.00 6.452421560747086e-04
9750.00 6.070472135639225e-04
9760.00 5.707883489948347e-04
9770.00 5.363884367279983e-04
9780.00 5.037721715998142e-04
9790.00 4.728660976188720e-04
9800.00 4.435986317012890e-04
9810.00 4.159000825994758e-04
9820.00 3.897026651864743e-04
9830.00 3.649405102650047e-04
9840.00 3.415496700764353e-04
9850.00 3.194681196902020e-04
9860.00 2.986357544585704e-04
9870.00 2.789943837252896e-04
9880.00 2.604877209794713e-04
9890.00 2.430613706481177e-04
9900.00 2.266628117219127e-04
9910.00 2.112413784095385e-04
9920.00 1.967482380155110e-04
9930.00 1.831363662357996e-04
9940.00 1.703605200639330e-04
9950.00 1.583772084982710e-04
9960.00 1.471446612383986e-04
9970.00 1.366227955554621e-04
9980.00 1.267731815175037e-04
9990.00 1.175590057467219e-04
10000.00 1.089450338809581e-04
10010.00 1.008975719067647e-04
10020.00 9.338442652602484e-05
10030.00 8.637486471249839e-05
10040.00 7.983957260871531e-05
10050.00 7.375061390749628e-05
10060.00 6.808138785603597e-05
10070.00 6.280658701395243e-05
10080.00 5.790215489008291e-05
10090.00 5.334524357605206e-05
10100.00 4.911417148786681e-05
10110.00 4.518838131994934e-05
10120.00 4.154839830921051e-05
10130.00 3.817578889996623e-05
10140.00 3.505311989377459e-05
10150.00 3.216391816160773e-05
10160.00 2.949263098923633e-05
10170.00 2.702458712027380e-05
10180.00 2.474595855506630e-05
10190.00 2.264372315749851e-05
10200.00 2.070562811586339e-05
10210.00 1.892015429821232e-05
10220.00 1.727648153708421e-05
10230.00 1.576445487320743e-05
10240.00 1.437455178269844e-05
10250.00 1.309785040744291e-05
10260.00 1.192599880375585e-05
10270.00 1.085118522006751e-05
10280.00 9.866109410287869e-06
10290.00 8.963954985657707e-06
10300.00 8.138362804300820e-06
10310.00 7.383405394352234e-06
10320.00 6.693562403441866e-06
10330.00 6.063697064466298e-06
10340.00 5.489033664973914e-06
10350.00 4.965136005119277e-06
10360.00 4.487886826998981e-06
10370.00 4.053468196265433e-06
10380.00 3.658342815211065e-06
10390.00 3.299236245022247e-06
10400.00 2.973120013605712e-06
10410.00 2.677195584286044e-06
10420.00 2.408879159748649e-06
10430.00 2.165787294851482e-06
10440.00 1.945723291338322e-06
10450.00 1.746664347049851e-06
10460.00 1.566749431933790e-06
10470.00 1.404267862994399e-06
10480.00 1.257648550282767e-06
10490.00 1.125449886104949e-06
10500.00 1.006350249804347e-06
10510.00 8.991391007495111e-07
10520.00 8.027086325186488e-07
10530.00 7.160459617101862e-07
10540.00 6.382258253152110e-07
10550.00 5.684037611550410e-07
10560.00 5.058097465076287e-07
10570.00 4.497422707125131e-07
10580.00 3.995628182488686e-07
10590.00 3.546907395178057e-07
10600.00 3.145984873229426e-07
10610.00 2.788071978255985e-07
10620.00 2.468825955483960e-07
10630.00 2.184312028076346e-07
10640.00 1.930968347666460e-07
10650.00 1.705573621145954e-07
10660.00 1.505217241844504e-07
10670.00 1.327271761262559e-07
10680.00 1.169367545446019e-07
10690.00 1.029369467890473e-07
10700.00 9.053554985122777e-08
10710.00 7.955970556986409e-08
10720.00 6.985409957336044e-08
10730.00 6.127931209725754e-08
10740.00 5.371030949942254e-08
10750.00 4.703506595820372e-08
10760.00 4.115330547722059e-08
10770.00 3.597535493415462e-08
10780.00 3.142109949958847e-08
10790.00 2.741903231525099e-08
10800.00 2.390539085888109e-08
10810.00 2.082337293542709e-08
10820.00 1.812242572155986e-08
10830.00 1.575760175286827e-08
10840.00 1.368897618099011e-08
10850.00 1.188112004183417e-08
10860.00 1.030262466653543e-08
10870.00 8.925672734506676e-09
10880.00 7.725651813606622e-09
10890.00 6.680806556792928e-09
10900.00 5.771926028434421e-09
10910.00 4.982062917554509e-09
10920.00 4.296281660481351e-09
10930.00 3.701432742547329e-09
10940.00 3.185950678448339e-09
10950.00 2.739673384502332e-09
10960.00 2.353680854174684e-09
10970.00 2.020151231701853e-09
10980.00 1.732232548262372e-09
10990.00 1.483928541720382e-09
11000.00 1.269997125280047e-09
